20
0   98   23   66   86   9   8   64   55   77   91   77   66   46   28   96   9   24   9   17   
98   0   61   35   54   30   77   8   47   32   12   25   56   1   20   8   58   14   42   84   
23   61   0   79   48   40   44   51   76   2   97   50   13   77   72   19   50   73   20   61   
66   35   79   0   37   52   55   17   60   94   50   65   29   67   47   7   93   19   63   14   
86   54   48   37   0   69   35   43   76   98   41   49   32   27   70   81   56   91   19   62   
9   30   40   52   69   0   77   57   85   30   75   14   66   63   85   27   87   32   67   16   
8   77   44   55   35   77   0   42   84   58   55   14   79   18   98   71   99   92   95   48   
64   8   51   17   43   57   42   0   60   46   17   26   51   12   39   92   10   55   25   13   
55   47   76   60   76   85   84   60   0   18   38   41   84   27   93   54   54   83   17   51   
77   32   2   94   98   30   58   46   18   0   81   74   0   51   43   23   51   29   71   66   
91   12   97   50   41   75   55   17   38   81   0   55   39   86   50   60   90   74   71   95   
77   25   50   65   49   14   14   26   41   74   55   0   23   55   57   76   48   62   3   53   
66   56   13   29   32   66   79   51   84   0   39   23   0   65   20   8   42   17   86   86   
46   1   77   67   27   63   18   12   27   51   86   55   65   0   94   5   2   7   57   40   
28   20   72   47   70   85   98   39   93   43   50   57   20   94   0   66   81   24   36   42   
96   8   19   7   81   27   71   92   54   23   60   76   8   5   66   0   49   85   10   1   
9   58   50   93   56   87   99   10   54   51   90   48   42   2   81   49   0   74   70   35   
24   14   73   19   91   32   92   55   83   29   74   62   17   7   24   85   74   0   2   47   
9   42   20   63   19   67   95   25   17   71   71   3   86   57   36   10   70   2   0   96   
17   84   61   14   62   16   48   13   51   66   95   53   86   40   42   1   35   47   96   0   
0   61   67   29   82   69   62   63   74   36   52   68   22   4   84   13   98   56   78   85   
5   0   63   54   21   43   97   20   21   32   6   97   35   8   79   73   57   81   30   38   
80   47   0   23   29   49   96   7   5   90   47   94   49   9   16   27   60   87   44   73   
24   20   57   0   93   96   96   59   8   97   99   72   63   70   69   0   90   56   48   94   
64   97   17   39   0   9   64   10   3   48   99   91   57   67   74   81   30   14   18   80   
62   77   3   89   91   0   96   2   26   81   60   30   29   60   4   38   71   60   90   68   
99   33   49   7   8   18   0   17   98   85   74   27   71   28   27   11   91   86   46   52   
12   0   15   96   13   87   74   0   95   24   79   90   2   28   54   14   61   44   53   27   
90   53   28   61   7   84   30   60   0   28   30   13   56   95   21   13   11   73   19   30   
12   11   53   35   3   54   20   56   46   0   57   1   0   75   10   85   26   13   52   80   
77   38   28   9   61   56   88   96   39   26   0   93   39   61   75   89   73   2   8   57   
11   76   38   58   65   87   96   44   10   7   24   0   91   96   89   5   2   72   76   1   
55   22   52   96   12   13   38   72   55   8   48   33   0   45   28   99   21   60   61   80   
9   96   85   16   69   97   99   82   44   38   96   79   19   0   16   13   9   31   89   49   
84   45   5   24   22   58   9   67   3   20   41   62   49   93   0   86   3   82   56   41   
81   37   78   52   25   19   96   99   92   66   69   96   14   0   10   0   21   73   87   19   
81   36   82   98   0   14   17   78   24   78   61   6   14   58   91   24   0   17   36   53   
27   21   19   56   89   49   72   80   8   3   99   63   74   40   75   21   63   0   82   33   
30   56   35   62   80   54   13   80   60   86   26   39   27   44   61   44   99   13   0   0   
74   60   0   16   35   30   92   17   31   86   85   59   13   22   30   89   5   94   86   0   
