30
0   1223   1105   1033   145   26   1135   115   609   815   219   542   167   474   486   224   109   1031   989   852   139   564   160   800   1145   540   166   302   106   988   
1223   0   1543   598   428   714   49   292   77   179   41   260   222   653   394   433   1018   950   167   1171   75   649   0   1170   725   598   14   1028   322   326   
1105   1543   0   516   510   22   151   372   35   1592   1223   147   560   74   486   352   733   1144   1061   1079   941   1182   217   48   419   124   718   225   806   120   
1033   598   516   0   131   461   100   93   139   430   1142   41   155   451   132   598   389   165   678   128   158   682   690   400   9   842   57   1017   1194   913   
145   428   510   131   0   972   667   806   524   220   126   138   18   1731   3   679   1059   225   405   420   143   161   636   508   525   787   148   1062   44   598   
26   714   22   461   972   0   135   16   409   0   481   522   62   1185   1044   18   442   165   1725   1184   1034   621   199   95   1168   528   550   502   861   748   
1135   49   151   100   667   135   0   973   457   39   383   93   160   744   316   684   386   546   415   20   411   422   1178   714   122   549   617   1061   115   599   
115   292   372   93   806   16   973   0   683   1086   140   304   247   530   168   118   1128   143   1012   366   543   151   102   139   596   456   926   492   624   782   
609   77   35   139   524   409   457   683   0   536   989   455   459   3   387   55   81   1043   315   1068   32   561   255   45   374   19   1145   111   736   600   
815   179   1592   430   220   0   39   1086   536   0   150   721   160   177   1167   1048   321   128   518   147   511   1024   751   712   1018   761   1162   525   397   351   
219   41   1223   1142   126   481   383   140   989   150   0   1018   190   521   163   267   451   264   1000   1151   90   28   82   154   152   255   478   517   537   144   
542   260   147   41   138   522   93   304   455   721   1018   0   179   830   110   1032   127   1172   124   689   1001   586   1025   166   157   381   34   111   138   849   
167   222   560   155   18   62   160   247   459   160   190   179   0   174   13   684   162   528   372   98   1028   6   609   556   556   162   1097   716   1022   228   
474   653   74   451   1731   1185   744   530   3   177   521   830   174   0   476   369   1141   854   93   486   18   907   1176   24   631   58   999   36   34   56   
486   394   486   132   3   1044   316   168   387   1167   163   110   13   476   0   998   358   559   111   736   405   350   1162   373   174   16   428   530   183   92   
224   433   352   598   679   18   684   118   55   1048   267   1032   684   369   998   0   558   84   382   141   469   14   0   272   1042   566   621   455   904   162   
109   1018   733   389   1059   442   386   1128   81   321   451   127   162   1141   358   558   0   115   193   69   207   17   32   179   1043   39   504   810   108   502   
1031   950   1144   165   225   165   546   143   1043   128   264   1172   528   854   559   84   115   0   24   500   466   646   126   119   375   1044   553   108   119   239   
989   167   1061   678   405   1725   415   1012   315   518   1000   124   372   93   111   382   193   24   0   1187   434   591   210   1187   269   1047   571   588   329   98   
852   1171   1079   128   420   1184   20   366   1068   147   1151   689   98   486   736   141   69   500   1187   0   86   271   754   155   692   419   500   81   1   650   
139   75   941   158   143   1034   411   543   32   511   90   1001   1028   18   405   469   207   466   434   86   0   910   1107   591   418   9   1076   990   277   864   
564   649   1182   682   161   621   422   151   561   1024   28   586   6   907   350   14   17   646   591   271   910   0   197   1057   27   124   800   21   187   181   
160   0   217   690   636   199   1178   102   255   751   82   1025   609   1176   1162   0   32   126   210   754   1107   197   0   392   24   916   370   1024   366   374   
800   1170   48   400   508   95   714   139   45   712   154   166   556   24   373   272   179   119   1187   155   591   1057   392   0   318   335   118   379   200   792   
1145   725   419   9   525   1168   122   596   374   1018   152   157   556   631   174   1042   1043   375   269   692   418   27   24   318   0   542   133   338   139   981   
540   598   124   842   787   528   549   456   19   761   255   381   162   58   16   566   39   1044   1047   419   9   124   916   335   542   0   165   340   139   128   
166   14   718   57   148   550   617   926   1145   1162   478   34   1097   999   428   621   504   553   571   500   1076   800   370   118   133   165   0   399   343   982   
302   1028   225   1017   1062   502   1061   492   111   525   517   111   716   36   530   455   810   108   588   81   990   21   1024   379   338   340   399   0   182   1035   
106   322   806   1194   44   861   115   624   736   397   537   138   1022   34   183   904   108   119   329   1   277   187   366   200   139   139   343   182   0   98   
988   326   120   913   598   748   599   782   600   351   144   849   228   56   92   162   502   239   98   650   864   181   374   792   981   128   982   1035   98   0   
0   0   0   1   0   0   0   0   172   2288   47   0   0   0   5   264   609   0   0   0   7   0   0   0   671   1   0   35   558   0   
0   0   428   0   14   1675   0   0   0   0   0   0   0   0   0   0   0   0   0   72   1343   713   0   0   6133   0   1534   26   152   0   
0   0   0   0   1693   0   93   51   0   6894   0   0   0   0   0   0   0   0   0   0   0   0   19   2334   0   0   0   0   0   0   
0   0   0   0   190   0   0   70   2   0   0   0   0   0   2351   0   4153   0   0   0   3045   0   0   4   28   2571   0   1   246   19   
264   34   81   0   0   1   1655   0   0   313   7143   3   0   649   4251   3327   4808   0   6   0   0   0   5   0   0   0   0   1699   0   0   
1   0   0   9   1   0   0   7   0   0   334   67   0   1   34   0   0   0   0   1216   0   19   297   430   0   0   73   0   5911   29   
2   2293   2   0   0   0   0   0   0   0   322   0   0   204   0   1   0   0   0   1039   0   91   46   6   0   8088   0   95   4   4   
581   0   0   0   0   1   0   0   12   2161   27   169   0   0   0   59   0   0   0   0   32   0   0   12   0   2881   0   134   2   0   
0   0   0   71   6587   0   2   255   0   13   0   1   109   327   0   0   0   2   0   0   0   0   0   7   0   0   8   0   0   4647   
1   25   1454   205   243   1   5   0   1   0   0   3   0   1370   0   339   1   0   0   0   23   13   0   0   3294   1   335   569   1841   1562   
0   202   156   53   118   6741   5055   101   107   1122   0   40   0   74   0   33   177   338   0   0   18   0   0   0   334   5   0   7777   0   1   
8010   0   14   0   0   19   0   0   1   0   5   0   0   0   43   2   0   9   0   0   314   0   0   0   0   0   21   20   78   3   
0   225   0   0   0   3   4   0   0   2   0   0   0   0   29   3739   1   3619   7924   0   0   4825   172   0   4522   24   0   29   60   129   
30   101   671   4   6   0   0   0   0   94   1978   2063   0   0   10   43   60   119   0   5   0   0   4860   1   0   0   0   0   1   0   
0   0   0   0   1   0   1   40   788   1   0   21   0   0   0   0   0   0   0   1902   707   74   0   14   0   2393   383   0   0   205   
0   0   1   0   1   7451   0   0   78   6741   0   15   0   0   4052   0   1   225   0   564   148   0   0   0   0   0   0   1   1   0   
112   0   124   918   193   1882   0   66   0   480   2   0   0   0   0   0   0   42   26   0   245   0   70   0   0   2   0   18   0   0   
0   0   0   0   3564   0   0   0   0   0   0   0   0   4   0   0   0   0   173   0   3   0   0   0   30   0   303   0   1   111   
0   0   0   0   0   0   18   52   0   0   716   0   0   0   2197   0   0   1844   0   1   0   199   0   0   0   1   223   101   29   103   
3   0   973   0   0   7   254   0   0   1534   0   0   0   1   0   0   0   686   0   0   4   15   0   1   0   0   0   0   0   0   
782   29   0   0   1   36   0   0   0   0   0   0   3   0   5033   0   174   0   0   0   0   0   20   199   223   42   3238   0   0   1   
0   1227   0   0   0   0   66   0   13   0   0   0   4056   0   115   0   557   0   0   0   0   0   1   0   0   0   0   297   0   0   
0   0   7725   0   0   86   0   0   111   7   0   0   2   50   0   0   1   0   0   14   15   1   0   0   0   0   0   0   5014   0   
141   46   33   0   4   0   1371   0   0   10   50   1386   3   0   0   445   0   0   15   0   0   0   3   0   86   2   2   0   0   897   
1   3   0   3224   525   0   0   0   0   0   1   54   0   15   0   13   0   716   556   0   1   0   489   0   0   0   3766   0   211   0   
2049   780   691   706   0   0   0   0   0   327   23   0   713   765   216   43   0   1423   1   92   0   1   0   394   0   0   0   5   0   862   
0   0   0   0   5156   0   0   1308   0   696   0   0   7   0   0   3356   15   0   2   0   0   0   0   6   1   0   0   1   0   281   
0   0   0   0   0   13   0   0   0   23   0   0   5208   46   0   0   4220   263   282   5   7076   0   1   28   1   0   0   0   25   204   
7659   0   0   3   0   5   3   43   3   705   840   0   0   105   0   14   0   0   0   0   0   952   20   2   0   5962   0   0   0   0   
327   13   0   3058   1817   0   0   0   51   2390   0   0   0   268   0   0   0   8   334   207   1171   383   35   1   0   0   0   0   0   0   
