20
0   63   32   33   22   33   83   3   51   57   84   67   68   14   11   0   46   76   77   44   
63   0   60   25   69   70   14   76   72   74   30   55   3   50   62   36   92   77   35   89   
32   60   0   59   24   96   35   54   26   41   47   38   3   41   74   96   38   52   45   58   
33   25   59   0   21   21   98   36   92   10   42   84   74   94   94   38   57   10   41   57   
22   69   24   21   0   69   91   56   29   94   80   11   79   41   61   87   82   75   44   59   
33   70   96   21   69   0   41   71   16   92   97   68   36   47   81   72   28   77   0   60   
83   14   35   98   91   41   0   68   10   62   88   34   91   53   34   25   0   95   23   5   
3   76   54   36   56   71   68   0   13   63   36   95   60   4   81   16   27   56   69   13   
51   72   26   92   29   16   10   13   0   4   67   26   80   3   56   11   51   73   81   27   
57   74   41   10   94   92   62   63   4   0   7   88   22   17   49   71   28   83   1   75   
84   30   47   42   80   97   88   36   67   7   0   89   68   37   20   1   33   87   53   43   
67   55   38   84   11   68   34   95   26   88   89   0   7   82   32   62   36   69   49   74   
68   3   3   74   79   36   91   60   80   22   68   7   0   11   83   6   68   30   98   79   
14   50   41   94   41   47   53   4   3   17   37   82   11   0   56   43   74   96   47   6   
11   62   74   94   61   81   34   81   56   49   20   32   83   56   0   95   86   79   89   3   
0   36   96   38   87   72   25   16   11   71   1   62   6   43   95   0   81   87   13   54   
46   92   38   57   82   28   0   27   51   28   33   36   68   74   86   81   0   56   20   1   
76   77   52   10   75   77   95   56   73   83   87   69   30   96   79   87   56   0   69   26   
77   35   45   41   44   0   23   69   81   1   53   49   98   47   89   13   20   69   0   66   
44   89   58   57   59   60   5   13   27   75   43   74   79   6   3   54   1   26   66   0   
0   39   53   68   42   86   68   74   94   86   76   80   54   40   86   10   98   63   87   12   
56   0   44   85   36   3   92   65   29   3   88   72   73   36   63   32   51   59   87   94   
85   75   0   18   92   55   58   26   42   15   21   14   40   89   6   79   91   30   5   77   
35   11   46   0   91   35   11   83   84   13   19   87   93   34   2   1   67   36   12   62   
1   6   45   91   0   73   52   53   75   22   26   48   6   25   27   74   31   71   32   94   
10   96   78   15   20   0   26   91   99   71   53   54   12   23   28   19   23   54   42   11   
2   60   80   28   55   36   0   44   73   70   62   17   80   7   59   22   0   24   50   6   
81   9   21   18   25   94   68   0   82   74   18   84   41   18   32   2   17   36   70   36   
91   62   18   73   38   8   16   21   0   95   57   7   3   87   9   79   90   83   34   18   
95   70   63   6   40   59   9   21   68   0   17   53   38   39   35   48   69   68   37   11   
0   93   2   43   95   32   56   57   73   60   0   57   19   20   11   37   39   15   29   78   
70   45   10   44   18   93   11   18   87   0   75   0   79   27   89   88   46   44   9   61   
7   85   53   37   98   32   94   73   24   49   65   10   0   11   75   73   4   65   41   1   
34   70   45   60   63   8   60   84   73   86   70   64   37   0   31   18   60   5   18   5   
0   93   48   28   41   12   76   85   17   91   9   71   25   41   0   82   77   33   49   67   
28   25   12   55   12   85   61   3   2   46   82   44   1   52   73   0   76   92   38   34   
87   43   6   31   19   64   4   36   40   92   94   39   94   10   94   82   0   58   89   31   
41   81   5   19   96   45   12   12   40   52   95   73   88   89   80   31   61   0   17   28   
71   97   3   19   43   5   0   27   77   98   79   13   86   91   59   70   29   87   0   90   
12   23   56   77   25   24   37   41   58   5   11   73   93   51   48   74   65   9   34   0   
