30
0   52   8   14   55   57   46   89   89   60   17   7   74   98   35   62   57   98   1   44   9   69   18   83   12   79   80   55   0   83   
52   0   45   50   93   76   9   8   47   75   0   25   30   91   81   75   68   29   40   47   78   83   74   0   82   54   52   25   5   77   
8   45   0   78   27   77   13   33   20   78   32   12   45   9   40   65   14   53   3   48   98   31   51   85   74   95   44   31   90   81   
14   50   78   0   41   76   41   22   39   85   98   22   61   22   41   44   26   84   12   18   53   72   28   24   34   77   21   17   53   75   
55   93   27   41   0   18   76   20   6   75   74   41   59   17   69   37   40   98   24   3   46   64   65   72   74   75   20   58   85   86   
57   76   77   76   18   0   79   9   56   67   47   14   15   26   80   27   6   55   14   49   92   49   54   0   22   6   4   60   63   91   
46   9   13   41   76   79   0   58   38   82   67   13   7   13   0   18   48   13   49   98   85   19   61   5   83   25   27   91   91   85   
89   8   33   22   20   9   58   0   5   78   93   74   12   85   42   45   86   20   83   38   49   91   79   78   0   35   60   64   26   85   
89   47   20   39   6   56   38   5   0   61   65   78   60   74   20   84   29   53   15   40   43   5   87   76   69   57   53   46   44   67   
60   75   78   85   75   67   82   78   61   0   80   51   65   17   22   65   69   22   44   56   94   55   64   14   61   83   37   46   52   58   
17   0   32   98   74   47   67   93   65   80   0   77   91   72   50   3   14   4   90   54   80   29   79   27   43   42   24   8   60   3   
7   25   12   22   41   14   13   74   78   51   77   0   4   89   88   68   10   13   26   77   92   69   30   54   79   49   21   89   91   30   
74   30   45   61   59   15   7   12   60   65   91   4   0   82   57   85   0   48   44   16   47   92   17   74   95   82   90   68   3   92   
98   91   9   22   17   26   13   85   74   17   72   89   82   0   0   92   30   31   58   42   44   21   63   18   3   84   30   79   39   3   
35   81   40   41   69   80   0   42   20   22   50   88   57   0   0   49   3   84   55   89   33   78   10   8   86   94   83   41   41   36   
62   75   65   44   37   27   18   45   84   65   3   68   85   92   49   0   92   26   20   68   39   30   22   52   52   14   26   64   45   89   
57   68   14   26   40   6   48   86   29   69   14   10   0   30   3   92   0   46   99   0   31   31   4   64   99   97   31   81   59   49   
98   29   53   84   98   55   13   20   53   22   4   13   48   31   84   26   46   0   57   28   25   76   75   93   54   74   50   24   0   81   
1   40   3   12   24   14   49   83   15   44   90   26   44   58   55   20   99   57   0   34   46   49   37   2   78   1   56   93   83   70   
44   47   48   18   3   49   98   38   40   56   54   77   16   42   89   68   0   28   34   0   96   13   38   51   87   92   92   2   20   24   
9   78   98   53   46   92   85   49   43   94   80   92   47   44   33   39   31   25   46   96   0   69   46   43   28   92   49   25   72   56   
69   83   31   72   64   49   19   91   5   55   29   69   92   21   78   30   31   76   49   13   69   0   12   64   76   55   72   81   17   69   
18   74   51   28   65   54   61   79   87   64   79   30   17   63   10   22   4   75   37   38   46   12   0   20   86   48   74   99   80   84   
83   0   85   24   72   0   5   78   76   14   27   54   74   18   8   52   64   93   2   51   43   64   20   0   49   37   94   52   86   76   
12   82   74   34   74   22   83   0   69   61   43   79   95   3   86   52   99   54   78   87   28   76   86   49   0   84   60   89   52   99   
79   54   95   77   75   6   25   35   57   83   42   49   82   84   94   14   97   74   1   92   92   55   48   37   84   0   72   52   65   65   
80   52   44   21   20   4   27   60   53   37   24   21   90   30   83   26   31   50   56   92   49   72   74   94   60   72   0   88   78   34   
55   25   31   17   58   60   91   64   46   46   8   89   68   79   41   64   81   24   93   2   25   81   99   52   89   52   88   0   92   25   
0   5   90   53   85   63   91   26   44   52   60   91   3   39   41   45   59   0   83   20   72   17   80   86   52   65   78   92   0   97   
83   77   81   75   86   91   85   85   67   58   3   30   92   3   36   89   49   81   70   24   56   69   84   76   99   65   34   25   97   0   
0   37   44   40   94   86   13   49   29   45   58   6   59   21   7   90   86   76   52   35   32   60   65   60   88   11   64   2   17   77   
32   0   74   57   62   55   67   96   16   60   0   1   86   87   23   88   94   68   12   90   46   7   57   0   66   17   93   19   31   22   
68   51   0   94   0   77   36   86   73   92   16   40   91   23   52   84   60   65   36   9   49   69   27   1   75   10   32   31   17   19   
77   5   50   0   87   94   69   84   60   61   35   4   43   52   75   25   34   71   60   52   7   0   50   23   59   65   74   54   79   88   
71   63   2   52   0   50   42   86   98   63   70   89   56   14   54   43   47   70   54   94   97   71   81   19   16   79   83   6   73   88   
26   4   11   18   13   0   91   36   53   86   7   67   89   33   15   53   22   39   65   87   24   72   52   99   11   72   60   38   28   33   
49   89   32   79   3   46   0   47   83   30   5   10   58   4   89   99   10   19   79   29   35   28   59   64   68   94   85   54   79   73   
15   94   8   1   18   80   32   0   51   56   13   16   86   12   69   48   77   51   87   51   45   23   1   37   0   4   41   64   60   24   
48   98   78   49   28   9   0   80   0   7   98   82   21   40   33   71   94   50   54   46   89   77   62   50   8   19   87   84   18   86   
74   54   96   60   43   34   69   91   26   0   28   62   24   27   4   95   86   29   11   83   7   25   10   51   41   45   8   32   27   89   
53   23   55   52   5   53   17   1   83   10   0   52   91   46   75   26   47   50   83   67   52   75   28   1   92   69   29   13   90   74   
84   44   73   30   35   77   71   28   34   33   37   0   30   49   11   18   92   56   50   77   21   10   53   61   80   9   25   34   33   18   
0   59   60   30   62   25   14   34   17   79   25   5   0   63   86   51   0   26   32   29   18   62   96   93   5   84   13   27   86   24   
95   15   39   77   70   54   85   13   59   97   96   26   11   0   0   71   56   3   2   92   33   63   52   83   24   29   28   11   62   67   
24   76   54   80   0   88   0   21   96   1   74   67   91   32   0   94   85   82   28   80   30   20   82   26   30   42   68   20   54   8   
38   22   59   60   76   44   43   33   16   34   6   73   80   91   83   0   38   65   99   18   64   98   52   70   69   96   10   0   28   6   
7   26   81   91   63   41   79   42   38   62   83   6   39   74   73   6   0   43   48   0   80   89   98   10   55   7   81   29   56   64   
0   55   9   98   19   94   79   91   45   83   2   63   35   81   29   7   2   0   75   37   60   39   58   74   16   33   1   98   11   72   
31   32   43   13   50   73   12   52   54   38   3   35   61   78   3   23   79   34   0   23   80   20   86   94   24   60   12   15   42   99   
51   15   19   90   51   98   36   27   1   14   41   98   99   93   58   94   49   42   13   0   57   59   97   79   91   65   0   42   47   99   
89   1   89   67   55   31   98   48   81   15   47   9   38   0   0   63   40   92   78   65   0   96   68   65   49   77   60   1   81   78   
52   67   31   69   72   39   40   42   61   25   56   59   42   65   59   30   26   8   78   39   94   0   86   23   12   94   94   80   0   61   
26   53   46   46   34   96   6   84   87   28   70   53   98   80   24   27   46   85   47   36   42   18   0   47   54   92   3   34   10   29   
75   12   18   43   15   43   25   50   9   26   51   11   25   56   52   31   40   49   25   2   67   62   5   0   69   80   66   69   74   94   
39   5   99   17   4   26   22   69   88   74   30   45   17   45   35   23   73   4   51   48   3   25   21   90   0   77   19   94   64   32   
5   86   33   44   37   72   8   81   98   92   52   30   61   0   97   52   12   27   84   64   14   86   86   57   37   0   15   8   72   3   
42   75   12   30   73   30   19   83   75   16   65   93   37   40   98   60   72   1   0   31   81   90   30   18   37   26   0   53   46   23   
27   42   17   81   29   35   41   26   28   73   7   94   17   7   7   87   46   48   23   65   87   7   19   29   75   44   47   0   64   71   
73   54   83   56   16   94   46   42   46   98   85   19   53   0   34   33   36   64   28   28   6   13   62   11   37   88   1   12   0   78   
41   39   92   8   0   10   76   77   59   0   8   79   56   94   37   42   80   76   90   91   1   70   29   63   53   44   75   91   21   0   
