20
0   882   579   539   641   422   473   567   410   66   906   1229   559   712   518   283   344   598   440   503   
882   0   107   101   284   410   529   467   559   945   7   447   578   928   478   690   278   461   827   270   
579   107   0   689   34   606   1232   755   538   1304   42   277   204   354   580   1304   283   831   222   0   
539   101   689   0   955   538   687   486   755   152   453   68   298   575   733   837   167   983   604   663   
641   284   34   955   0   1446   204   484   1093   532   946   10   33   286   452   338   556   562   1129   345   
422   410   606   538   1446   0   583   39   283   891   151   540   16   335   572   1146   558   662   818   445   
473   529   1232   687   204   583   0   661   707   442   1407   37   330   558   16   452   228   925   24   253   
567   467   755   486   484   39   661   0   1036   669   618   305   588   66   472   493   15   1100   420   57   
410   559   538   755   1093   283   707   1036   0   334   563   164   127   993   405   439   421   22   878   230   
66   945   1304   152   532   891   442   669   334   0   477   72   567   438   945   443   839   0   465   1146   
906   7   42   453   946   151   1407   618   563   477   0   38   972   228   33   1030   529   803   410   1116   
1229   447   277   68   10   540   37   305   164   72   38   0   424   687   727   1045   433   886   683   96   
559   578   204   298   33   16   330   588   127   567   972   424   0   58   498   826   91   0   295   946   
712   928   354   575   286   335   558   66   993   438   228   687   58   0   463   15   434   647   263   606   
518   478   580   733   452   572   16   472   405   945   33   727   498   463   0   534   45   1414   553   346   
283   690   1304   837   338   1146   452   493   439   443   1030   1045   826   15   534   0   878   331   28   592   
344   278   283   167   556   558   228   15   421   839   529   433   91   434   45   878   0   249   579   815   
598   461   831   983   562   662   925   1100   22   0   803   886   0   647   1414   331   249   0   471   1287   
440   827   222   604   1129   818   24   420   878   465   410   683   295   263   553   28   579   471   0   951   
503   270   0   663   345   445   253   57   230   1146   1116   96   946   606   346   592   815   1287   951   0   
0   38   0   0   1   0   0   2   0   0   56   4   17   0   35   0   0   7248   0   0   
9   0   0   0   0   0   0   8   9   35   3914   0   21   0   0   0   0   0   0   0   
1   692   0   0   0   1   0   0   0   0   0   404   0   6045   0   15   43   1   0   0   
0   0   813   0   0   0   34   0   0   151   0   0   152   0   0   0   16   38   367   3   
0   0   0   1069   0   2   0   0   0   1   0   0   0   0   1   0   0   97   0   4   
7   0   6   5229   0   0   0   0   0   0   2040   0   0   0   1674   2   0   0   1243   68   
2421   0   0   2223   0   27   0   69   0   876   0   0   0   0   841   21   0   0   53   0   
1   25   0   0   0   244   0   0   219   6   0   0   0   0   0   5   10   0   626   199   
0   5919   44   29   0   0   416   827   0   73   186   90   74   10   3549   0   0   0   0   0   
6878   0   0   0   1374   0   0   0   0   0   0   0   0   8   309   3425   0   0   0   0   
0   0   0   0   0   0   3   0   1   15   0   0   0   0   0   1   0   1175   2   0   
67   134   16   0   19   0   0   0   0   0   0   0   0   34   3   0   0   7   0   5   
0   0   0   0   0   7204   6573   1   0   0   0   0   0   0   0   236   112   0   3604   0   
0   0   0   1867   0   0   0   0   0   1   0   0   179   0   309   0   0   0   0   1   
0   1   0   95   0   23   0   0   0   825   503   0   0   0   0   7   0   0   0   0   
1   5   0   0   0   5034   0   0   0   0   4115   0   289   0   689   0   0   18   0   0   
141   0   0   0   0   1   1   0   0   370   1867   0   0   0   22   261   0   0   3371   0   
0   0   7   0   0   0   38   6496   0   0   2   549   0   5   0   1   0   0   0   0   
0   16   804   6319   702   45   0   0   5791   0   57   0   0   0   924   1511   0   0   0   0   
18   0   6   81   0   0   0   5714   0   6804   0   0   0   0   195   0   0   4255   0   0   
