20
0   418   970   196   1196   1090   256   90   621   639   338   310   84   413   1065   1141   1211   1061   1159   89   
418   0   937   0   1152   1176   122   1162   118   1988   1449   1091   418   414   1204   0   410   1411   1891   1230   
970   937   0   632   41   1501   1095   135   427   1248   413   1173   261   311   91   1204   995   904   997   981   
196   0   632   0   47   62   255   1188   189   2000   619   971   66   996   1389   404   880   66   999   198   
1196   1152   41   47   0   1408   205   611   1942   1437   1117   440   978   971   1943   906   11   138   334   644   
1090   1176   1501   62   1408   0   1437   1023   1111   94   876   427   917   94   808   974   921   0   108   89   
256   122   1095   255   205   1437   0   173   38   88   360   850   114   148   172   1016   1116   1447   1416   342   
90   1162   135   1188   611   1023   173   0   110   418   1923   342   0   95   26   962   2011   249   79   971   
621   118   427   189   1942   1111   38   110   0   1146   625   374   254   189   48   1201   1385   1080   37   1192   
639   1988   1248   2000   1437   94   88   418   1146   0   612   1076   940   928   1078   630   175   55   1932   1356   
338   1449   413   619   1117   876   360   1923   625   612   0   1311   303   546   1162   1106   1147   106   63   193   
310   1091   1173   971   440   427   850   342   374   1076   1311   0   1942   300   609   407   2047   68   986   644   
84   418   261   66   978   917   114   0   254   940   303   1942   0   963   370   17   404   305   228   149   
413   414   311   996   971   94   148   95   189   928   546   300   963   0   1342   67   382   1176   1955   119   
1065   1204   91   1389   1943   808   172   26   48   1078   1162   609   370   1342   0   67   930   151   0   897   
1141   0   1204   404   906   974   1016   962   1201   630   1106   407   17   67   67   0   370   1459   357   1189   
1211   410   995   880   11   921   1116   2011   1385   175   1147   2047   404   382   930   370   0   211   26   283   
1061   1411   904   66   138   0   1447   249   1080   55   106   68   305   1176   151   1459   211   0   79   648   
1159   1891   997   999   334   108   1416   79   37   1932   63   986   228   1955   0   357   26   79   0   1163   
89   1230   981   198   644   89   342   971   1192   1356   193   644   149   119   897   1189   283   648   1163   0   
0   0   0   1   0   1   1   0   0   3   0   50   0   645   0   4   0   0   1   1   
3485   0   0   0   0   1   134   0   0   2   11   0   107   24   100   0   3   0   1   0   
55   210   0   0   0   0   63   2   119   0   33   0   0   386   0   0   61   0   4   0   
7534   0   0   0   435   0   0   0   448   0   1   2   0   0   0   197   0   0   13   1507   
0   7360   549   0   0   9   0   10   0   222   172   0   4543   0   0   1   40   0   0   0   
4   0   0   0   0   0   222   0   7   0   0   8   0   517   0   28   40   0   1180   0   
0   0   0   0   19   909   0   0   0   0   7   87   0   0   3   0   0   0   0   0   
7   0   40   0   0   0   6010   0   0   107   0   227   0   0   1   0   0   12   0   0   
0   0   0   0   0   0   0   158   0   90   1   0   0   0   35   0   0   0   448   0   
1   311   0   0   0   0   0   4   0   0   3   0   0   1926   26   85   0   16   1   9   
0   6   46   1271   6351   0   7300   434   6   0   0   75   1072   0   17   0   0   0   0   1   
0   1215   0   0   0   0   80   1   254   512   0   0   0   0   0   0   0   575   453   0   
11   0   0   0   0   2184   0   0   0   4   0   432   0   3   282   0   0   0   0   0   
0   0   1   0   0   7820   0   0   0   0   10   10   0   0   3   0   0   0   0   0   
692   65   2   0   4276   0   0   0   0   210   0   0   1   0   0   7477   1   214   0   14   
3   214   0   0   0   0   0   406   338   15   1   2230   0   2428   0   0   1   5104   0   0   
0   0   1   0   0   0   2   924   46   253   0   0   31   1   2199   0   0   3730   4   0   
3208   133   0   692   0   1   0   0   1297   15   0   0   177   0   21   263   171   0   0   0   
0   0   0   55   0   937   5   6   3   5   0   0   17   0   0   40   383   1733   0   6   
2   0   0   0   0   0   159   1   780   0   1   6351   0   679   0   2   7   0   2   0   
