30
0   26   80   1   48   35   52   4   66   79   38   75   43   61   20   66   97   11   98   10   98   78   35   19   39   44   29   54   0   5   
26   0   33   47   92   60   54   40   83   10   29   30   95   30   45   72   7   93   89   8   24   20   55   61   91   75   86   96   0   15   
80   33   0   53   59   82   49   58   19   14   40   62   86   32   96   92   53   33   65   4   21   79   14   56   78   74   0   15   52   63   
1   47   53   0   69   72   87   56   96   11   40   57   1   73   19   18   23   5   95   2   5   85   87   34   4   77   66   16   15   60   
48   92   59   69   0   73   95   12   9   74   12   83   43   5   3   11   97   26   29   18   9   85   90   89   37   31   74   81   72   18   
35   60   82   72   73   0   33   95   92   6   64   50   96   78   13   14   98   25   37   19   81   85   98   66   44   99   12   55   9   94   
52   54   49   87   95   33   0   26   61   17   17   85   2   38   46   25   31   88   52   56   11   15   31   56   70   4   51   24   7   72   
4   40   58   56   12   95   26   0   47   69   20   81   22   91   66   42   91   78   30   20   89   32   93   46   18   65   88   1   51   37   
66   83   19   96   9   92   61   47   0   0   34   28   34   17   39   49   60   42   99   25   35   48   83   64   91   36   23   53   0   87   
79   10   14   11   74   6   17   69   0   0   64   45   49   98   65   63   27   26   69   64   33   91   18   2   3   3   71   67   0   10   
38   29   40   40   12   64   17   20   34   64   0   84   84   72   24   1   91   53   65   98   11   82   42   69   36   72   79   73   73   54   
75   30   62   57   83   50   85   81   28   45   84   0   47   3   30   70   9   54   86   77   94   74   41   49   36   8   50   9   92   60   
43   95   86   1   43   96   2   22   34   49   84   47   0   26   90   52   2   89   85   2   87   76   27   71   94   10   69   94   74   67   
61   30   32   73   5   78   38   91   17   98   72   3   26   0   19   82   29   27   70   87   20   88   56   44   76   61   12   66   97   30   
20   45   96   19   3   13   46   66   39   65   24   30   90   19   0   8   77   30   13   19   65   13   29   94   7   13   97   38   24   79   
66   72   92   18   11   14   25   42   49   63   1   70   52   82   8   0   10   64   51   2   83   68   77   89   42   88   91   43   39   24   
97   7   53   23   97   98   31   91   60   27   91   9   2   29   77   10   0   97   48   2   19   15   78   35   65   36   30   96   24   74   
11   93   33   5   26   25   88   78   42   26   53   54   89   27   30   64   97   0   95   42   22   15   9   8   65   21   15   73   0   7   
98   89   65   95   29   37   52   30   99   69   65   86   85   70   13   51   48   95   0   61   92   99   73   24   53   0   49   48   23   65   
10   8   4   2   18   19   56   20   25   64   98   77   2   87   19   2   2   42   61   0   17   14   5   34   39   76   99   88   44   42   
98   24   21   5   9   81   11   89   35   33   11   94   87   20   65   83   19   22   92   17   0   6   54   9   52   52   95   52   81   3   
78   20   79   85   85   85   15   32   48   91   82   74   76   88   13   68   15   15   99   14   6   0   3   30   13   65   72   47   45   66   
35   55   14   87   90   98   31   93   83   18   42   41   27   56   29   77   78   9   73   5   54   3   0   37   97   36   49   1   88   78   
19   61   56   34   89   66   56   46   64   2   69   49   71   44   94   89   35   8   24   34   9   30   37   0   23   88   99   51   81   73   
39   91   78   4   37   44   70   18   91   3   36   36   94   76   7   42   65   65   53   39   52   13   97   23   0   12   99   25   71   21   
44   75   74   77   31   99   4   65   36   3   72   8   10   61   13   88   36   21   0   76   52   65   36   88   12   0   88   93   98   77   
29   86   0   66   74   12   51   88   23   71   79   50   69   12   97   91   30   15   49   99   95   72   49   99   99   88   0   29   56   41   
54   96   15   16   81   55   24   1   53   67   73   9   94   66   38   43   96   73   48   88   52   47   1   51   25   93   29   0   74   82   
0   0   52   15   72   9   7   51   0   0   73   92   74   97   24   39   24   0   23   44   81   45   88   81   71   98   56   74   0   4   
5   15   63   60   18   94   72   37   87   10   54   60   67   30   79   24   74   7   65   42   3   66   78   73   21   77   41   82   4   0   
0   79   32   19   79   47   96   93   63   64   11   51   61   98   6   54   54   99   37   60   1   40   81   16   12   96   42   79   0   63   
34   0   66   29   60   89   9   11   73   60   65   9   46   83   34   48   72   21   42   42   28   66   74   5   13   24   13   33   0   72   
97   86   0   4   67   76   23   87   84   48   20   22   89   47   2   32   56   68   14   5   96   56   8   81   40   15   47   25   16   23   
66   75   8   0   7   60   56   94   25   10   57   5   7   45   23   54   37   81   77   30   34   25   15   95   93   4   59   88   74   12   
92   30   53   87   0   45   3   3   76   36   93   2   36   35   43   46   42   41   64   70   93   84   35   23   74   42   1   1   39   54   
49   80   70   61   95   0   49   33   2   98   30   71   28   67   99   30   82   11   81   13   95   4   78   22   60   54   6   0   78   67   
54   62   73   76   64   6   0   91   63   9   79   55   12   32   17   83   53   74   1   76   66   91   74   30   34   93   75   40   0   95   
87   57   10   69   5   91   79   0   21   17   83   25   96   85   99   66   63   6   35   46   54   79   45   87   56   99   91   57   26   21   
7   13   85   62   14   63   34   63   0   0   6   88   10   10   6   21   11   21   71   69   44   31   4   21   63   41   48   56   0   12   
26   31   0   0   50   41   85   42   25   0   85   58   99   37   14   68   76   96   47   92   46   92   22   49   78   95   8   22   41   91   
94   28   96   7   34   6   34   39   63   78   0   7   30   66   56   7   30   62   23   12   6   77   53   46   1   95   35   40   45   17   
48   91   54   37   97   6   41   18   42   44   58   0   58   19   9   21   62   50   30   15   17   25   58   3   1   94   3   18   11   84   
99   91   98   80   44   23   49   66   18   63   67   52   0   85   79   22   26   78   39   10   58   12   98   8   0   49   74   4   85   1   
33   47   73   4   77   24   71   48   14   35   33   77   42   0   77   45   50   78   80   69   32   29   31   6   65   19   46   89   87   77   
29   7   70   54   35   1   46   70   47   74   5   22   33   37   0   99   15   81   61   94   8   44   52   13   93   44   97   79   4   49   
67   69   84   13   36   91   84   25   33   43   19   54   63   0   30   0   70   44   26   30   30   77   15   53   41   26   16   0   8   23   
20   43   51   64   28   18   98   96   71   26   44   28   45   14   59   49   0   54   52   3   26   25   56   59   75   34   23   90   39   36   
80   23   37   29   21   97   32   29   84   83   78   9   55   67   17   3   58   0   80   38   54   91   62   20   8   55   9   54   0   74   
67   53   3   8   52   50   78   27   71   68   17   52   16   28   70   39   35   26   0   16   51   60   30   40   49   74   24   47   66   98   
44   14   19   75   94   94   17   65   18   72   48   62   84   49   94   96   26   39   91   0   96   91   85   95   12   81   78   18   33   50   
69   2   96   40   40   2   21   71   89   61   69   77   85   64   14   36   96   66   0   95   0   8   50   69   69   92   86   15   27   26   
79   99   96   5   41   49   99   85   57   14   54   63   8   40   48   96   33   59   2   55   40   0   70   83   69   93   35   85   8   48   
19   33   72   77   0   30   56   70   33   80   28   94   10   88   46   94   77   80   12   99   30   32   0   47   42   50   17   7   61   72   
18   1   88   36   5   3   87   42   85   26   70   60   40   56   88   74   16   76   43   38   37   44   81   0   25   18   84   95   71   44   
25   99   75   23   30   24   50   48   80   29   38   74   57   80   48   13   17   3   10   80   56   37   18   36   0   6   52   56   63   86   
39   3   25   13   21   13   21   18   85   52   66   68   81   57   21   86   56   35   5   28   96   51   98   21   36   0   28   48   40   15   
81   13   49   43   96   60   27   40   81   45   44   61   45   65   5   41   20   36   44   82   46   40   17   47   70   12   0   63   83   18   
56   74   82   96   28   42   30   6   36   15   14   13   10   27   40   17   40   74   5   48   15   62   88   70   4   99   45   0   25   98   
42   27   65   20   59   45   53   40   58   32   94   40   91   52   19   42   2   89   5   26   61   56   93   84   68   32   20   97   0   81   
51   71   30   0   61   71   13   80   75   18   97   44   68   40   6   32   53   43   27   52   7   97   35   62   2   30   15   51   65   0   
