30
0   1194   352   1189   980   1358   337   59   66   926   1451   932   66   357   351   1436   151   89   1367   169   0   187   343   913   41   88   1451   1072   646   205   
1194   0   1130   1038   1128   114   64   1132   368   154   235   97   985   1396   950   1135   2019   1447   34   962   187   64   5   239   991   847   799   927   1126   8   
352   1130   0   221   1158   1093   1539   394   985   12   1366   948   1404   605   269   621   927   878   588   469   1163   913   297   418   1114   1904   1061   613   921   1392   
1189   1038   221   0   196   1105   1932   949   369   289   1109   1079   327   1352   2025   1170   323   189   1373   855   626   1092   1246   1444   65   4   168   1460   632   581   
980   1128   1158   196   0   197   0   398   327   812   1451   300   1128   1119   1141   261   1149   1569   1535   2045   1359   1458   12   936   1147   1352   1027   1410   202   634   
1358   114   1093   1105   197   0   3   1147   73   52   1384   73   1498   1074   1113   132   644   361   435   996   1536   630   326   50   1117   1191   26   1000   965   970   
337   64   1539   1932   0   3   0   963   422   327   42   43   1067   939   1932   1110   64   914   980   1891   980   1348   1074   319   423   448   279   1085   1388   1432   
59   1132   394   949   398   1147   963   0   95   288   949   52   132   1407   1074   1522   1366   1359   1580   1997   173   1458   440   190   628   1539   379   640   1420   456   
66   368   985   369   327   73   422   95   0   1127   1536   1438   925   184   1387   111   70   1448   1235   1436   1027   1585   1156   196   419   215   939   198   43   3   
926   154   12   289   812   52   327   288   1127   0   2011   10   206   931   254   622   804   90   0   123   65   316   970   1315   6   1000   1400   923   1476   287   
1451   235   1366   1109   1451   1384   42   949   1536   2011   0   97   277   59   31   2019   1108   4   1108   194   14   1071   118   1364   90   636   1384   634   1104   10   
932   97   948   1079   300   73   43   52   1438   10   97   0   351   1060   2045   1158   1109   74   27   1135   846   1062   1424   1026   2013   204   599   269   42   1449   
66   985   1404   327   1128   1498   1067   132   925   206   277   351   0   349   1963   355   1067   6   1177   310   1423   1357   0   1901   1474   963   1396   29   984   1065   
357   1396   605   1352   1119   1074   939   1407   184   931   59   1060   349   0   904   961   57   2044   159   1065   99   12   792   197   906   976   1128   79   124   625   
351   950   269   2025   1141   1113   1932   1074   1387   254   31   2045   1963   904   0   381   177   51   100   474   404   356   1035   311   992   940   581   1117   1211   1436   
1436   1135   621   1170   261   132   1110   1522   111   622   2019   1158   355   961   381   0   978   354   38   1902   606   847   1423   34   317   0   1013   324   29   239   
151   2019   927   323   1149   644   64   1366   70   804   1108   1109   1067   57   177   978   0   1958   1352   1055   1230   89   0   989   644   1353   621   1218   591   1586   
89   1447   878   189   1569   361   914   1359   1448   90   4   74   6   2044   51   354   1958   0   639   328   349   11   2026   1026   1011   1143   70   605   1460   908   
1367   34   588   1373   1535   435   980   1580   1235   0   1108   27   1177   159   100   38   1352   639   0   313   1173   302   855   880   915   260   404   1197   1018   1086   
169   962   469   855   2045   996   1891   1997   1436   123   194   1135   310   1065   474   1902   1055   328   313   0   935   1063   1147   996   2   636   65   0   388   196   
0   187   1163   626   1359   1536   980   173   1027   65   14   846   1423   99   404   606   1230   349   1173   935   0   79   21   1090   1211   395   977   10   827   1160   
187   64   913   1092   1458   630   1348   1458   1585   316   1071   1062   1357   12   356   847   89   11   302   1063   79   0   971   19   190   1942   1210   950   907   1069   
343   5   297   1246   12   326   1074   440   1156   970   118   1424   0   792   1035   1423   0   2026   855   1147   21   971   0   989   992   1204   1043   1405   261   330   
913   239   418   1444   936   50   319   190   196   1315   1364   1026   1901   197   311   34   989   1026   880   996   1090   19   989   0   2049   181   1522   607   383   335   
41   991   1114   65   1147   1117   423   628   419   6   90   2013   1474   906   992   317   644   1011   915   2   1211   190   992   2049   0   376   2030   2   1483   239   
88   847   1904   4   1352   1191   448   1539   215   1000   636   204   963   976   940   0   1353   1143   260   636   395   1942   1204   181   376   0   1932   1989   1160   26   
1451   799   1061   168   1027   26   279   379   939   1400   1384   599   1396   1128   581   1013   621   70   404   65   977   1210   1043   1522   2030   1932   0   44   0   310   
1072   927   613   1460   1410   1000   1085   640   198   923   634   269   29   79   1117   324   1218   605   1197   0   10   950   1405   607   2   1989   44   0   1392   73   
646   1126   921   632   202   965   1388   1420   43   1476   1104   42   984   124   1211   29   591   1460   1018   388   827   907   261   383   1483   1160   0   1392   0   1188   
205   8   1392   581   634   970   1432   456   3   287   10   1449   1065   625   1436   239   1586   908   1086   196   1160   1069   330   335   239   26   310   73   1188   0   
0   957   0   0   0   5   0   0   430   1849   0   0   152   6958   0   0   0   1   0   2   0   0   123   0   14   83   0   815   0   1151   
2   0   2257   7   0   0   0   0   1   0   0   0   0   63   9   0   7641   10   1   1   22   0   0   3205   5233   1   0   46   73   0   
0   65   0   4   0   4   2   0   29   5   0   22   0   1   867   0   0   1   55   0   2710   0   0   0   27   0   0   1   1817   2940   
0   0   0   0   0   0   5632   0   0   0   0   630   3959   0   209   0   0   3   0   0   0   0   11   129   0   0   0   0   39   0   
0   0   15   185   0   0   0   1509   242   16   275   0   0   0   0   0   0   0   0   69   2202   11   357   0   0   0   0   0   0   0   
0   0   1979   130   1   0   130   40   642   0   0   0   0   0   2   0   0   0   69   0   0   476   0   0   0   0   1   37   0   822   
0   0   4   4   12   1256   0   1295   0   0   100   0   2196   0   1   984   0   3   4   1   48   183   0   2   0   58   1   1705   0   0   
1   398   0   2092   566   0   0   0   0   3   60   2802   70   0   0   3172   0   2202   0   0   0   0   152   6   0   0   509   3258   0   432   
2230   2991   622   0   510   0   4   0   0   32   0   745   0   2   2019   5   510   2   5991   0   2   0   11   0   4360   0   1   0   0   0   
197   3025   0   7137   0   0   0   0   804   0   0   23   0   0   0   0   65   0   0   0   0   0   5778   0   1   8   0   0   0   0   
0   2   0   512   0   0   0   0   0   0   0   779   0   11   459   7641   5049   0   182   0   7   1460   0   9   11   5   3363   11   1   1   
0   7124   0   29   9   2   0   6987   0   0   20   0   2659   0   69   5   1   1   0   6   31   0   102   0   0   6048   35   0   100   0   
0   7   20   0   0   1963   0   2   0   0   1460   0   0   0   0   17   2196   1   0   37   1   0   0   0   19   0   0   7124   0   58   
0   6   4   1   1817   46   0   0   0   0   830   0   0   0   82   403   6   0   0   0   0   110   119   0   0   0   0   0   4785   0   
156   38   1979   0   26   90   0   61   3547   1926   2   0   0   0   0   0   0   4200   406   0   0   0   964   4   0   0   0   0   1338   0   
0   4   0   3   1   1   0   1   203   0   0   0   21   0   2994   0   0   325   0   0   0   1   0   0   0   0   0   1592   1786   3205   
0   0   1   597   0   2520   100   0   0   0   0   0   8   86   0   0   0   38   0   0   531   0   0   0   131   11   63   0   8   79   
0   0   0   160   1013   9   0   0   357   0   0   0   0   0   0   0   1072   0   1480   0   0   29   108   908   0   0   510   1   0   0   
0   6   16   59   4   7   9   0   6   0   0   0   0   0   0   0   0   0   0   0   0   0   1   0   0   0   197   0   0   0   
517   4   0   0   380   2710   0   1   1   0   0   0   5   136   896   3   0   645   0   0   0   462   0   0   0   0   0   0   0   127   
81   0   471   0   0   2   0   14   0   152   0   0   3113   4647   0   1   0   0   0   0   0   0   1603   1   20   0   3007   5   0   1179   
0   0   867   516   0   0   3636   0   0   5   628   2722   38   0   0   0   0   0   101   0   47   0   15   0   1618   35   0   28   6   3   
0   0   0   0   1   0   0   0   1   0   0   0   2   0   15   2585   175   1   0   0   1828   158   0   3208   0   2   0   0   6   1   
0   47   7641   0   0   0   2   0   822   4518   1786   38   0   0   0   0   0   453   0   0   0   284   3523   0   0   0   0   0   0   1   
0   26   0   0   924   3   1072   0   0   1   347   170   4   31   4336   6   2   0   1339   2532   0   4544   1   21   0   0   7   0   0   354   
0   0   8   31   0   0   0   0   3394   0   0   28   28   0   0   0   0   0   0   0   0   0   0   0   0   0   1   0   1179   631   
3   36   0   7820   0   0   0   0   81   7272   1   0   0   0   0   0   0   331   0   0   0   1503   2709   0   75   8   0   11   0   25   
0   0   0   212   0   0   689   92   553   908   13   0   0   0   0   0   73   1753   0   1094   0   0   0   0   0   0   70   0   2940   0   
0   0   20   0   3   128   0   0   0   0   75   0   7804   13   0   544   0   0   6   0   0   0   1356   1   222   0   0   24   0   0   
0   0   63   71   0   0   0   1   37   0   7820   0   4   0   0   3   2   0   2336   1356   2   0   0   0   0   119   0   1448   531   0   
