30
0   7   718   208   601   1050   553   41   770   1000   169   354   480   525   440   1289   53   51   437   954   336   18   53   574   102   1030   425   712   808   597   
7   0   550   28   499   507   1278   422   0   635   770   673   24   872   690   1136   278   22   539   79   451   427   101   1247   1136   802   0   262   543   331   
718   550   0   193   727   552   1224   462   267   711   1244   836   836   654   455   843   457   667   1022   249   42   430   286   855   18   579   994   619   771   1440   
208   28   193   0   8   0   323   791   221   99   505   1028   899   1247   447   565   37   59   527   23   446   555   311   447   46   798   1126   441   146   39   
601   499   727   8   0   504   951   615   459   591   32   54   564   1413   562   329   420   33   68   582   936   1030   15   22   436   598   487   83   41   565   
1050   507   552   0   504   0   682   434   673   1313   33   590   498   325   590   489   80   25   436   625   649   84   588   1229   655   50   405   213   416   441   
553   1278   1224   323   951   682   0   517   107   16   455   616   675   588   503   600   955   382   40   60   323   574   602   194   787   439   77   698   191   658   
41   422   462   791   615   434   517   0   51   143   461   542   782   557   565   939   1248   705   683   20   865   114   445   264   35   809   814   843   669   503   
770   0   267   221   459   673   107   51   0   298   1468   30   596   681   21   878   40   691   199   419   54   810   558   814   479   58   35   444   457   521   
1000   635   711   99   591   1313   16   143   298   0   1134   21   654   837   560   912   402   884   332   479   435   428   453   504   527   833   342   450   455   1293   
169   770   1244   505   32   33   455   461   1468   1134   0   477   462   519   598   1100   40   1454   179   534   1293   249   446   425   623   954   503   116   18   520   
354   673   836   1028   54   590   616   542   30   21   477   0   36   259   680   844   791   691   469   33   294   31   441   553   623   17   435   438   0   454   
480   24   836   899   564   498   675   782   596   654   462   36   0   363   319   822   569   14   498   445   1128   729   1058   40   451   855   570   51   28   794   
525   872   654   1247   1413   325   588   557   681   837   519   259   363   0   937   510   478   681   951   499   0   182   17   675   499   442   560   60   392   532   
440   690   455   447   562   590   503   565   21   560   598   680   319   937   0   496   582   177   266   17   501   24   595   671   644   562   1044   159   343   698   
1289   1136   843   565   329   489   600   939   878   912   1100   844   822   510   496   0   449   357   336   1317   712   867   320   524   805   457   432   190   406   550   
53   278   457   37   420   80   955   1248   40   402   40   791   569   478   582   449   0   1060   253   464   245   329   819   25   635   446   598   712   1274   441   
51   22   667   59   33   25   382   705   691   884   1454   691   14   681   177   357   1060   0   532   398   698   221   34   431   619   465   701   693   0   778   
437   539   1022   527   68   436   40   683   199   332   179   469   498   951   266   336   253   532   0   799   529   568   393   796   710   515   604   668   538   488   
954   79   249   23   582   625   60   20   419   479   534   33   445   499   17   1317   464   398   799   0   553   791   597   447   590   14   214   680   485   519   
336   451   42   446   936   649   323   865   54   435   1293   294   1128   0   501   712   245   698   529   553   0   669   839   578   44   459   488   96   195   294   
18   427   430   555   1030   84   574   114   810   428   249   31   729   182   24   867   329   221   568   791   669   0   291   106   750   461   632   425   182   520   
53   101   286   311   15   588   602   445   558   453   446   441   1058   17   595   320   819   34   393   597   839   291   0   83   15   447   462   554   637   590   
574   1247   855   447   22   1229   194   264   814   504   425   553   40   675   671   524   25   431   796   447   578   106   83   0   47   808   1281   833   409   80   
102   1136   18   46   436   655   787   35   479   527   623   623   451   499   644   805   635   619   710   590   44   750   15   47   0   581   1011   0   968   805   
1030   802   579   798   598   50   439   809   58   833   954   17   855   442   562   457   446   465   515   14   459   461   447   808   581   0   151   690   452   253   
425   0   994   1126   487   405   77   814   35   342   503   435   570   560   1044   432   598   701   604   214   488   632   462   1281   1011   151   0   283   225   73   
712   262   619   441   83   213   698   843   444   450   116   438   51   60   159   190   712   693   668   680   96   425   554   833   0   690   283   0   545   923   
808   543   771   146   41   416   191   669   457   455   18   0   28   392   343   406   1274   0   538   485   195   182   637   409   968   452   225   545   0   921   
597   331   1440   39   565   441   658   503   521   1293   520   454   794   532   698   550   441   778   488   519   294   520   590   80   805   253   73   923   921   0   
0   0   2916   0   0   46   696   495   6   883   0   6045   0   5   0   27   0   0   0   0   0   2603   0   0   0   0   0   15   1   0   
0   0   0   53   0   1   0   0   0   13   0   0   53   118   0   7347   0   0   0   3   1   0   0   0   1065   0   0   17   1   0   
7574   0   0   0   16   1188   3720   109   16   0   0   0   40   0   3   0   0   328   205   0   0   0   0   0   2603   0   0   0   0   162   
2   0   0   0   0   0   0   5   0   0   0   6   4155   147   0   0   0   0   0   0   423   133   12   3   0   142   217   1   0   0   
46   0   0   0   0   0   0   44   0   0   0   0   0   0   218   0   73   0   0   0   0   813   0   4   162   0   0   45   0   0   
7249   0   1708   0   0   0   1760   2   0   1412   0   0   0   0   2814   1   20   3912   0   2   0   0   0   8   47   1   0   1185   0   152   
79   4   0   0   0   0   0   0   0   0   5577   57   36   1037   0   2   0   0   0   1   834   0   0   4115   0   0   106   0   435   112   
0   2028   3   1   37   0   892   0   31   0   0   1238   0   0   0   0   8   0   6   0   0   0   0   0   11   73   0   4   0   0   
0   0   1540   0   0   0   0   0   0   0   0   2   0   5   0   0   174   0   0   3128   0   0   0   10   1930   0   0   0   346   0   
0   466   135   0   0   2   92   2916   0   0   0   0   0   10   7191   0   4   0   1266   1   0   0   0   0   12   0   0   0   2   3638   
52   685   1   0   314   0   0   4204   0   43   0   0   7454   3960   7248   0   4   0   0   0   1   24   0   187   0   65   0   0   4204   0   
5   0   60   0   11   614   0   156   0   0   0   0   0   0   3556   4   81   7783   0   0   0   1237   0   0   0   0   0   0   0   0   
0   162   769   0   0   0   2   0   368   1471   0   0   0   0   0   228   5   0   0   5   0   0   1   0   0   1943   7024   6   53   5   
0   1   0   2   0   0   0   1   0   0   0   83   0   0   0   244   0   0   0   0   0   0   171   36   7679   0   4   0   1077   0   
1   0   541   3270   0   28   0   0   0   0   31   0   0   22   0   0   1949   0   0   153   352   0   4   0   0   2   0   0   6070   1812   
0   0   536   0   0   0   0   2   2   418   0   0   19   0   0   0   0   0   0   0   0   6664   0   2   1399   0   5   1   1   5740   
8   0   7810   33   0   8   7   0   0   0   0   126   0   21   4993   0   0   0   0   0   540   0   15   0   0   1181   77   0   8   152   
36   0   1575   0   0   41   205   833   0   55   0   0   0   4   63   0   2711   0   0   6319   43   0   0   2   0   1   5   33   0   134   
0   0   0   0   0   0   0   16   1629   147   0   0   0   0   85   0   0   2   0   2   0   3   0   0   0   310   54   1   0   314   
39   102   7   0   215   0   0   0   0   0   0   0   336   19   1334   6057   0   121   0   0   0   0   0   3   0   94   0   0   0   1069   
2   0   16   0   0   0   874   3   123   0   0   251   0   0   0   1261   21   28   0   0   0   0   24   0   9   0   0   0   351   57   
53   0   4390   0   0   0   41   0   124   0   1582   1656   2978   282   1   4077   0   6   0   1   1   0   0   0   0   0   294   0   284   7953   
1008   0   0   55   0   7454   0   0   2603   0   0   0   4   0   305   1   0   0   2699   0   0   2671   0   1   0   4   2   1678   0   0   
1   0   0   335   0   0   0   0   0   0   3979   0   0   1   0   0   12   43   307   0   0   0   3   0   0   0   0   1   0   0   
0   0   0   5740   1   0   0   70   0   0   0   0   8   0   924   0   0   0   0   1750   0   0   1   0   0   101   0   0   0   51   
2   0   610   0   0   0   0   6855   551   0   192   0   299   3   0   0   834   0   2817   0   0   223   0   0   0   0   2040   165   173   0   
99   0   0   112   156   0   5450   0   0   4204   67   226   12   0   0   0   8   0   0   0   0   0   0   25   0   0   0   43   0   977   
0   0   1   6   0   83   1   0   1933   6   0   0   29   2096   173   0   0   1   2959   0   0   0   0   0   0   0   0   0   13   0   
8   0   0   0   2421   675   56   0   0   16   1   5   0   0   0   0   0   0   0   6341   0   16   17   0   6045   0   0   3   0   0   
0   379   444   16   0   0   0   0   0   569   0   0   0   974   1   0   0   0   0   3   7   9   0   0   0   0   0   0   0   0   
