20
0   1082   326   405   347   329   332   560   352   1072   812   387   242   619   1098   1167   503   29   73   336   
1082   0   686   448   343   1111   464   1163   12   148   137   458   231   72   155   48   1066   138   366   176   
326   686   0   1021   175   67   254   615   349   170   561   626   90   257   589   257   303   329   474   551   
405   448   1021   0   380   451   159   378   15   325   90   373   1194   132   55   704   582   50   446   123   
347   343   175   380   0   810   1004   555   1073   400   626   187   554   150   708   151   145   337   511   1206   
329   1111   67   451   810   0   496   247   627   911   752   346   275   153   392   316   165   991   290   384   
332   464   254   159   1004   496   0   1633   63   841   465   1198   467   706   148   384   150   14   1067   158   
560   1163   615   378   555   247   1633   0   234   1126   1230   522   674   241   557   209   1053   982   535   14   
352   12   349   15   1073   627   63   234   0   1694   524   1022   1220   590   1073   272   582   516   173   1106   
1072   148   170   325   400   911   841   1126   1694   0   142   413   255   1072   355   397   461   690   549   1209   
812   137   561   90   626   752   465   1230   524   142   0   652   1019   173   1024   173   127   40   552   35   
387   458   626   373   187   346   1198   522   1022   413   652   0   813   159   475   326   125   132   141   128   
242   231   90   1194   554   275   467   674   1220   255   1019   813   0   379   1073   182   1765   131   135   21   
619   72   257   132   150   153   706   241   590   1072   173   159   379   0   633   1024   58   225   778   67   
1098   155   589   55   708   392   148   557   1073   355   1024   475   1073   633   0   1651   143   898   757   259   
1167   48   257   704   151   316   384   209   272   397   173   326   182   1024   1651   0   1155   499   205   132   
503   1066   303   582   145   165   150   1053   582   461   127   125   1765   58   143   1155   0   142   31   910   
29   138   329   50   337   991   14   982   516   690   40   132   131   225   898   499   142   0   38   321   
73   366   474   446   511   290   1067   535   173   549   552   141   135   778   757   205   31   38   0   957   
336   176   551   123   1206   384   158   14   1106   1209   35   128   21   67   259   132   910   321   957   0   
0   0   67   3181   0   0   0   505   0   0   0   0   0   636   5135   2509   5219   0   111   0   
52   0   0   0   0   48   1089   112   718   4793   0   0   4   0   12   966   0   0   0   0   
835   0   0   139   0   1   0   0   0   0   0   0   0   0   0   0   0   4364   0   0   
0   415   4590   0   0   0   0   0   51   0   0   0   0   0   2   7812   546   0   0   0   
0   0   0   3   0   18   0   0   179   3   1024   0   0   0   20   0   7000   583   1   0   
0   495   170   0   0   0   0   0   0   6293   201   0   0   289   137   0   1   16   0   104   
0   489   0   4582   0   0   0   2   0   0   0   4   104   0   0   1106   0   0   0   0   
8   0   0   11   0   0   1   0   11   0   0   44   0   0   0   0   0   192   2957   0   
2   1210   0   1   1   1   0   0   0   0   0   86   0   0   0   0   1198   0   1   0   
55   24   0   27   0   0   0   0   863   0   0   0   443   0   0   23   1933   0   3579   1   
85   0   0   0   3524   0   36   0   18   3821   0   0   45   0   9   3   0   0   4052   100   
714   92   0   123   0   0   0   0   0   0   0   0   0   0   0   0   0   0   0   3   
74   30   13   0   0   7343   4   0   137   0   0   2315   0   0   0   0   1   0   0   7   
284   0   1   0   0   2164   0   0   40   0   2   0   4   0   17   0   1   0   2   1   
788   0   3427   1652   4709   4   0   183   0   0   0   0   0   0   0   0   0   338   46   54   
664   0   710   302   10   42   1   0   0   81   0   1   0   1   0   0   0   56   3213   0   
339   1   1083   0   919   355   0   0   2   771   0   237   6   0   7553   0   0   0   5993   0   
262   0   108   8   0   1358   5055   0   5649   742   0   0   1   0   0   5299   3   0   0   11   
0   1001   0   0   87   0   0   67   1   0   4   0   3   0   0   0   0   150   0   1   
1536   5   4   0   2   177   7   0   1   0   0   54   0   0   922   4153   0   0   68   0   
