20
0   40   49   0   31   19   18   24   46   34   21   30   72   51   15   40   53   31   21   51   
40   0   40   42   15   63   44   43   23   55   9   13   28   55   52   12   49   58   41   40   
49   40   0   35   57   25   41   35   36   18   55   66   50   34   10   9   29   39   26   8   
0   42   35   0   45   20   54   35   9   19   42   4   55   5   46   17   30   64   6   31   
31   15   57   45   0   9   11   40   43   19   57   24   56   42   16   25   20   33   22   18   
19   63   25   20   9   0   34   17   24   13   47   33   41   9   50   54   45   29   55   26   
18   44   41   54   11   34   0   55   22   43   29   11   21   38   60   56   16   43   28   38   
24   43   35   35   40   17   55   0   15   41   5   10   61   43   23   60   28   53   41   29   
46   23   36   9   43   24   22   15   0   32   16   48   43   48   34   34   31   40   59   40   
34   55   18   19   19   13   43   41   32   0   59   27   22   43   34   34   32   54   54   22   
21   9   55   42   57   47   29   5   16   59   0   13   8   42   39   29   17   54   69   4   
30   13   66   4   24   33   11   10   48   27   13   0   31   9   11   50   18   31   68   37   
72   28   50   55   56   41   21   61   43   22   8   31   0   54   13   29   7   21   29   14   
51   55   34   5   42   9   38   43   48   43   42   9   54   0   37   30   27   38   29   18   
15   52   10   46   16   50   60   23   34   34   39   11   13   37   0   4   12   27   55   33   
40   12   9   17   25   54   56   60   34   34   29   50   29   30   4   0   40   21   38   47   
53   49   29   30   20   45   16   28   31   32   17   18   7   27   12   40   0   28   23   45   
31   58   39   64   33   29   43   53   40   54   54   31   21   38   27   21   28   0   34   50   
21   41   26   6   22   55   28   41   59   54   69   68   29   29   55   38   23   34   0   17   
51   40   8   31   18   26   38   29   40   22   4   37   14   18   33   47   45   50   17   0   
