20
0   8708   7090   5933   4419   9826   2832   1920   5445   8134   8155   5268   3929   9960   3325   8065   7599   4309   8245   2314   
8708   0   4781   10813   8981   7182   1974   7001   7535   8304   6662   8245   1555   7658   5185   4020   3440   7621   8046   9201   
7090   4781   0   9223   1500   5347   1483   1404   4824   7507   4151   5317   6136   9722   4575   7305   4648   6760   6486   156   
5933   10813   9223   0   4163   1529   2496   1839   9015   8281   3320   7412   2281   7976   5713   5265   6295   4026   8206   759   
4419   8981   1500   4163   0   6796   5653   6900   7368   6660   600   10658   2226   1578   7997   5191   5657   10750   6799   8460   
9826   7182   5347   1529   6796   0   0   5673   6613   2534   1560   9201   8627   5074   600   6032   2880   4485   5581   10517   
2832   1974   1483   2496   5653   0   0   1792   4633   7160   5281   7671   6420   5470   6630   8757   8708   6019   3738   3481   
1920   7001   1404   1839   6900   5673   1792   0   6487   8841   2947   600   6785   8277   10747   156   3301   1749   5657   8925   
5445   7535   4824   9015   7368   6613   4633   6487   0   7365   3997   8138   7339   6212   5679   6195   5363   2351   5121   7418   
8134   8304   7507   8281   6660   2534   7160   8841   7365   0   1510   8235   2353   1560   4155   9738   10500   3241   1994   8261   
8155   6662   4151   3320   600   1560   5281   2947   3997   1510   0   4731   9488   5101   312   4225   9171   2214   3225   1427   
5268   8245   5317   7412   10658   9201   7671   600   8138   8235   4731   0   2614   2490   9729   10637   7173   2005   2708   6448   
3929   1555   6136   2281   2226   8627   6420   6785   7339   2353   9488   2614   0   2680   4353   6982   9231   10656   2870   8667   
9960   7658   9722   7976   1578   5074   5470   8277   6212   1560   5101   2490   2680   0   2552   8419   6627   6673   7725   5366   
3325   5185   4575   5713   7997   600   6630   10747   5679   4155   312   9729   4353   2552   0   8171   4048   1285   3366   6391   
8065   4020   7305   5265   5191   6032   8757   156   6195   9738   4225   10637   6982   8419   8171   0   4222   4276   4876   6119   
7599   3440   4648   6295   5657   2880   8708   3301   5363   10500   9171   7173   9231   6627   4048   4222   0   7024   8925   6061   
4309   7621   6760   4026   10750   4485   6019   1749   2351   3241   2214   2005   10656   6673   1285   4276   7024   0   5298   300   
8245   8046   6486   8206   6799   5581   3738   5657   5121   1994   3225   2708   2870   7725   3366   4876   8925   5298   0   2040   
2314   9201   156   759   8460   10517   3481   8925   7418   8261   1427   6448   8667   5366   6391   6119   6061   300   2040   0   
