30
0   42   145   76   47   137   11   168   35   128   20   202   160   48   125   154   114   65   98   123   67   165   23   68   140   71   76   129   160   116   
42   0   60   28   123   132   86   36   171   69   161   168   60   61   106   90   93   26   72   33   146   46   41   80   37   47   82   48   102   75   
145   60   0   146   30   172   22   70   69   68   52   85   24   43   60   84   53   64   31   203   93   129   38   83   93   56   126   29   54   69   
76   28   146   0   28   114   62   150   66   146   16   88   71   39   62   93   53   50   31   158   30   85   44   27   124   13   86   38   36   49   
47   123   30   28   0   80   80   14   126   162   76   145   65   71   80   174   33   30   58   22   38   216   104   94   82   192   169   10   131   54   
137   132   172   114   80   0   46   174   60   93   38   178   69   86   54   92   65   58   124   58   116   163   28   84   26   65   91   84   123   115   
11   86   22   62   80   46   0   122   77   106   0   99   133   8   80   106   136   180   92   0   94   182   174   47   98   138   181   97   53   100   
168   36   70   150   14   174   122   0   72   88   170   148   50   96   62   50   92   9   152   15   70   137   48   40   73   111   139   92   23   59   
35   171   69   66   126   60   77   72   0   84   30   68   174   37   18   60   95   74   31   33   18   96   160   14   71   104   109   90   27   51   
128   69   68   146   162   93   106   88   84   0   76   50   114   16   41   21   67   124   15   133   165   98   119   125   72   30   101   86   58   76   
20   161   52   16   76   38   0   170   30   76   0   97   124   41   135   63   165   193   24   90   170   0   136   13   84   34   95   11   59   17   
202   168   85   88   145   178   99   148   68   50   97   0   114   89   132   32   82   22   172   94   72   92   85   89   37   22   58   35   141   52   
160   60   24   71   65   69   133   50   174   114   124   114   0   109   151   98   53   38   146   39   32   99   97   61   64   114   40   66   37   157   
48   61   43   39   71   86   8   96   37   16   41   89   109   0   26   166   56   126   172   99   73   47   75   29   162   33   103   29   32   56   
125   106   60   62   80   54   80   62   18   41   135   132   151   26   0   34   100   28   70   174   47   40   90   57   80   58   199   117   62   71   
154   90   84   93   174   92   106   50   60   21   63   32   98   166   34   0   191   62   196   53   46   13   77   126   73   72   96   131   152   170   
114   93   53   53   33   65   136   92   95   67   165   82   53   56   100   191   0   95   144   93   152   64   85   142   106   23   86   100   93   114   
65   26   64   50   30   58   180   9   74   124   193   22   38   126   28   62   95   0   28   104   61   72   119   20   41   51   97   53   85   105   
98   72   31   31   58   124   92   152   31   15   24   172   146   172   70   196   144   28   0   28   95   47   53   64   200   75   108   52   32   175   
123   33   203   158   22   58   0   15   33   133   90   94   39   99   174   53   93   104   28   0   71   10   96   92   154   73   10   128   35   145   
67   146   93   30   38   116   94   70   18   165   170   72   32   73   47   46   152   61   95   71   0   43   57   9   162   87   66   131   125   117   
165   46   129   85   216   163   182   137   96   98   0   92   99   47   40   13   64   72   47   10   43   0   95   119   58   48   166   42   51   184   
23   41   38   44   104   28   174   48   160   119   136   85   97   75   90   77   85   119   53   96   57   95   0   124   98   50   68   71   37   63   
68   80   83   27   94   84   47   40   14   125   13   89   61   29   57   126   142   20   64   92   9   119   124   0   38   87   28   91   123   64   
140   37   93   124   82   26   98   73   71   72   84   37   64   162   80   73   106   41   200   154   162   58   98   38   0   21   9   114   52   51   
71   47   56   13   192   65   138   111   104   30   34   22   114   33   58   72   23   51   75   73   87   48   50   87   21   0   29   58   141   147   
76   82   126   86   169   91   181   139   109   101   95   58   40   103   199   96   86   97   108   10   66   166   68   28   9   29   0   141   83   0   
129   48   29   38   10   84   97   92   90   86   11   35   66   29   117   131   100   53   52   128   131   42   71   91   114   58   141   0   56   142   
160   102   54   36   131   123   53   23   27   58   59   141   37   32   62   152   93   85   32   35   125   51   37   123   52   141   83   56   0   23   
116   75   69   49   54   115   100   59   51   76   17   52   157   56   71   170   114   105   175   145   117   184   63   64   51   147   0   142   23   0   
