20
0   2242   2615   9783   7958   4389   8437   846   5458   5557   730   3074   6811   6851   2449   4142   8544   2331   7974   1029   
2242   0   9309   7278   4135   4257   4878   3416   1221   7572   5225   3014   4422   11344   2310   3229   8631   4176   8082   1318   
2615   9309   0   6556   2023   3737   561   6188   4195   9294   7475   7554   6471   3216   3007   8551   4540   1061   7608   2029   
9783   7278   6556   0   7018   7025   601   3925   5692   10775   4767   1752   2075   10274   3442   3780   4108   8394   3697   3490   
7958   4135   2023   7018   0   1261   7709   8776   2829   5269   5608   4313   333   9104   630   8936   5106   9016   5865   1796   
4389   4257   3737   7025   1261   0   4252   4759   6352   3636   1481   2228   9564   3761   7503   4561   2559   2865   5499   7179   
8437   4878   561   601   7709   4252   0   2368   5410   1673   367   7319   2993   3652   2353   3498   5707   3416   3663   667   
846   3416   6188   3925   8776   4759   2368   0   6992   3808   2900   9025   1640   6384   3919   2011   9674   3169   1509   1068   
5458   1221   4195   5692   2829   6352   5410   6992   0   956   10347   1   13601   4030   4690   2241   7967   10193   924   3578   
5557   7572   9294   10775   5269   3636   1673   3808   956   0   2405   3527   955   2465   2616   5023   1428   3611   3169   1816   
730   5225   7475   4767   5608   1481   367   2900   10347   2405   0   8359   3608   815   11473   3682   7937   3153   7102   4304   
3074   3014   7554   1752   4313   2228   7319   9025   1   3527   8359   0   5397   2482   5678   3960   4851   4556   4288   13043   
6811   4422   6471   2075   333   9564   2993   1640   13601   955   3608   5397   0   5054   3197   1079   1   1   4113   4153   
6851   11344   3216   10274   9104   3761   3652   6384   4030   2465   815   2482   5054   0   6115   1430   2539   6974   3927   11926   
2449   2310   3007   3442   630   7503   2353   3919   4690   2616   11473   5678   3197   6115   0   5087   6839   8050   3049   3830   
4142   3229   8551   3780   8936   4561   3498   2011   2241   5023   3682   3960   1079   1430   5087   0   5292   4099   4280   12397   
8544   8631   4540   4108   5106   2559   5707   9674   7967   1428   7937   4851   1   2539   6839   5292   0   3060   1368   4765   
2331   4176   1061   8394   9016   2865   3416   3169   10193   3611   3153   4556   1   6974   8050   4099   3060   0   2545   783   
7974   8082   7608   3697   5865   5499   3663   1509   924   3169   7102   4288   4113   3927   3049   4280   1368   2545   0   1131   
1029   1318   2029   3490   1796   7179   667   1068   3578   1816   4304   13043   4153   11926   3830   12397   4765   783   1131   0   
