30
0   7288   2283   820   4125   9463   2503   2830   4577   2425   2790   1830   2395   2254   955   3908   3443   4669   1902   5554   5005   956   1139   7732   8357   1496   6177   1667   1830   1705   
7288   0   7838   1427   3305   2421   9627   5618   5935   6800   7057   2798   775   2742   7076   2716   4282   6655   7654   1854   4410   4435   2961   3038   2543   3881   5695   3342   3327   6001   
2283   7838   0   8439   10151   2201   6322   2978   4431   3250   6793   4357   5415   8801   5250   1743   4736   10983   3420   6053   5279   930   3209   6537   10151   1   4799   3373   2592   9537   
820   1427   8439   0   2917   3834   2239   8649   7936   10890   3203   3682   3136   6732   349   1694   8711   4535   3103   5039   2670   1781   4197   4737   7076   5313   1038   2148   5168   7084   
4125   3305   10151   2917   0   7204   9025   2757   14500   2011   9148   2225   3498   774   8031   8581   7362   6929   947   1   10890   8745   4435   7564   1397   6042   3778   2449   2329   6969   
9463   2421   2201   3834   7204   0   8393   4196   131   4305   9600   3230   8926   3418   789   4823   2274   9016   2247   1639   419   4923   2099   3671   3849   1983   7319   6165   2633   2566   
2503   9627   6322   2239   9025   8393   0   4282   306   2645   5227   7290   6533   3043   1133   2309   5177   3880   3159   5241   7056   1129   6744   8440   11519   3169   10734   4337   5450   2589   
2830   5618   2978   8649   2757   4196   4282   0   1363   1986   3890   3423   3904   2868   3418   5666   2390   8341   3945   4069   12924   2267   1778   6491   3126   3548   3956   4025   4896   3136   
4577   5935   4431   7936   14500   131   306   1363   0   5412   1419   7877   603   1575   3100   4742   1716   8710   816   6898   3583   3295   3397   9954   2230   8092   4231   4294   9729   3863   
2425   6800   3250   10890   2011   4305   2645   1986   5412   0   1711   6237   1769   2221   4345   3508   9018   7128   1117   3639   3125   3302   8209   1401   2348   3736   8404   10597   6368   4153   
2790   7057   6793   3203   9148   9600   5227   3890   1419   1711   0   2298   3127   1309   5533   1942   5212   2795   4821   8737   1551   7425   3208   8551   4629   1   4002   9559   4419   9795   
1830   2798   4357   3682   2225   3230   7290   3423   7877   6237   2298   0   2818   4722   1739   6938   9298   6374   3102   4418   3849   7931   4789   2515   8533   4747   4556   4169   8966   2562   
2395   775   5415   3136   3498   8926   6533   3904   603   1769   3127   2818   0   1522   8787   728   9386   11063   2989   3126   8178   2723   1518   3114   4131   8473   6147   2199   7050   2830   
2254   2742   8801   6732   774   3418   3043   2868   1575   2221   1309   4722   1522   0   2163   1919   4364   1196   2152   5158   6770   2522   9288   6347   8099   6439   2896   505   8261   1043   
955   7076   5250   349   8031   789   1133   3418   3100   4345   5533   1739   8787   2163   0   6564   3046   5597   4054   2808   8286   2163   687   10258   5087   7076   3906   7094   2206   6385   
3908   2716   1743   1694   8581   4823   2309   5666   4742   3508   1942   6938   728   1919   6564   0   3596   6123   4592   3049   1982   10783   3209   9666   4225   3565   4914   4328   8005   5258   
3443   4282   4736   8711   7362   2274   5177   2390   1716   9018   5212   9298   9386   4364   3046   3596   0   5501   3873   2855   6157   3922   9671   2261   6504   3084   6490   5618   4119   1713   
4669   6655   10983   4535   6929   9016   3880   8341   8710   7128   2795   6374   11063   1196   5597   6123   5501   0   7377   3194   1883   5495   965   5417   1451   3238   7319   4560   9191   5088   
1902   7654   3420   3103   947   2247   3159   3945   816   1117   4821   3102   2989   2152   4054   4592   3873   7377   0   1   4325   3956   9117   2361   3487   3737   2840   1306   1545   7332   
5554   1854   6053   5039   1   1639   5241   4069   6898   3639   8737   4418   3126   5158   2808   3049   2855   3194   1   0   3510   8785   5943   4568   2874   3473   2813   7275   2311   3786   
5005   4410   5279   2670   10890   419   7056   12924   3583   3125   1551   3849   8178   6770   8286   1982   6157   1883   4325   3510   0   4267   2178   9370   2925   4410   1996   7589   7346   3914   
956   4435   930   1781   8745   4923   1129   2267   3295   3302   7425   7931   2723   2522   2163   10783   3922   5495   3956   8785   4267   0   6399   4375   8232   3642   2554   2285   2899   2530   
1139   2961   3209   4197   4435   2099   6744   1778   3397   8209   3208   4789   1518   9288   687   3209   9671   965   9117   5943   2178   6399   0   3243   1578   7297   4474   1455   6385   5509   
7732   3038   6537   4737   7564   3671   8440   6491   9954   1401   8551   2515   3114   6347   10258   9666   2261   5417   2361   4568   9370   4375   3243   0   9721   4891   1175   6628   1985   5741   
8357   2543   10151   7076   1397   3849   11519   3126   2230   2348   4629   8533   4131   8099   5087   4225   6504   1451   3487   2874   2925   8232   1578   9721   0   7057   6554   3186   7671   2649   
1496   3881   1   5313   6042   1983   3169   3548   8092   3736   1   4747   8473   6439   7076   3565   3084   3238   3737   3473   4410   3642   7297   4891   7057   0   5196   6412   7219   5103   
6177   5695   4799   1038   3778   7319   10734   3956   4231   8404   4002   4556   6147   2896   3906   4914   6490   7319   2840   2813   1996   2554   4474   1175   6554   5196   0   749   5252   6063   
1667   3342   3373   2148   2449   6165   4337   4025   4294   10597   9559   4169   2199   505   7094   4328   5618   4560   1306   7275   7589   2285   1455   6628   3186   6412   749   0   7531   4338   
1830   3327   2592   5168   2329   2633   5450   4896   9729   6368   4419   8966   7050   8261   2206   8005   4119   9191   1545   2311   7346   2899   6385   1985   7671   7219   5252   7531   0   5693   
1705   6001   9537   7084   6969   2566   2589   3136   3863   4153   9795   2562   2830   1043   6385   5258   1713   5088   7332   3786   3914   2530   5509   5741   2649   5103   6063   4338   5693   0   
