20
0   9760   5630   7362   11318   8054   4462   5909   7005   3118   3267   3225   2764   10794   3376   12542   3530   7529   1985   10547   
9760   0   0   10471   0   12385   6812   7280   2551   6139   5237   4658   6315   5911   9745   5696   11784   4305   11093   5212   
5630   0   0   8410   4005   2550   9686   1573   8942   8810   1223   6855   4175   7442   799   8644   8640   3819   9350   8370   
7362   10471   8410   0   2551   7823   6212   7895   1755   7535   6610   3286   10471   2948   8041   5333   9678   6372   6453   625   
11318   0   4005   2551   0   8782   4831   6600   2757   1740   9902   9095   1435   7112   10733   7382   4843   639   4969   7985   
8054   12385   2550   7823   8782   0   2185   7759   4783   8178   2117   2185   1376   1375   800   3120   9208   1015   4244   1750   
4462   6812   9686   6212   4831   2185   0   0   10311   795   2432   2185   1862   625   9159   5973   7150   2129   5297   2528   
5909   7280   1573   7895   6600   7759   0   0   639   4345   708   3100   5418   6236   7048   5909   1925   7362   8244   7374   
7005   2551   8942   1755   2757   4783   10311   639   0   9546   9646   7816   7985   7334   2522   7722   10146   7194   5100   7591   
3118   6139   8810   7535   1740   8178   795   4345   9546   0   2550   2379   5177   5895   6480   11065   10290   4952   2625   8293   
3267   5237   1223   6610   9902   2117   2432   708   9646   2550   0   625   3469   8810   3267   2323   9944   2934   5414   6480   
3225   4658   6855   3286   9095   2185   2185   3100   7816   2379   625   0   9905   2550   7895   4668   9687   7871   7591   3350   
2764   6315   4175   10471   1435   1376   1862   5418   7985   5177   3469   9905   0   2522   6415   2160   3158   3100   625   5898   
10794   5911   7442   2948   7112   1375   625   6236   7334   5895   8810   2550   2522   0   4546   3345   9159   4725   2550   5915   
3376   9745   799   8041   10733   800   9159   7048   2522   6480   3267   7895   6415   4546   0   7862   10471   6656   7133   2311   
12542   5696   8644   5333   7382   3120   5973   5909   7722   11065   2323   4668   2160   3345   7862   0   7194   5554   9325   2311   
3530   11784   8640   9678   4843   9208   7150   1925   10146   10290   9944   9687   3158   9159   10471   7194   0   7722   2129   4305   
7529   4305   3819   6372   639   1015   2129   7362   7194   4952   2934   7871   3100   4725   6656   5554   7722   0   4562   10936   
1985   11093   9350   6453   4969   4244   5297   8244   5100   2625   5414   7591   625   2550   7133   9325   2129   4562   0   1435   
10547   5212   8370   625   7985   1750   2528   7374   7591   8293   6480   3350   5898   5915   2311   2311   4305   10936   1435   0   
