30
0   3350   2323   5987   1223   9934   7186   6963   9474   9298   9430   1223   3225   7472   7150   6812   9480   5987   3558   4495   3846   9298   3407   7985   8789   7150   795   5100   10315   2138   
3350   0   800   9745   7265   6855   4950   1913   7150   5413   8368   6850   2160   8368   1740   7844   11193   10697   5469   10471   7820   3225   7025   5542   4910   5898   9282   795   1750   2550   
2323   800   0   0   3714   2432   7289   4658   2351   10213   7814   6685   5418   2720   7005   7005   4244   7194   6372   2814   10411   7783   4817   7472   7114   9529   9070   5303   7194   6855   
5987   9745   0   0   11315   6966   9992   3870   3345   6675   7900   3361   9125   9944   7152   2071   11177   863   7540   9480   4462   7177   5612   3175   7238   4234   10907   10318   10054   4837   
1223   7265   3714   11315   0   4969   7150   3131   7187   795   10362   5593   5554   9718   625   8355   3225   4040   2071   9175   5310   3870   4648   5537   7379   3868   10799   1015   1690   2185   
9934   6855   2432   6966   4969   0   10733   4643   8022   5235   0   7133   5263   8380   4175   6011   3558   4933   2201   7404   13025   10733   4783   6841   5414   8099   5297   3469   5414   3158   
7186   4950   7289   9992   7150   10733   0   6878   1376   7591   3469   1093   2814   8520   9104   6212   6706   9385   7347   7871   1223   8410   4475   5100   7591   9286   10371   5177   4333   9925   
6963   1913   4658   3870   3131   4643   6878   0   4973   3225   9687   3376   5769   7895   6209   3702   6600   7800   6212   9847   2308   8114   8159   7823   9905   2550   8782   3483   637   8047   
9474   7150   2351   3345   7187   8022   1376   4973   0   8215   4546   8507   3819   9970   10067   4578   5927   7591   9925   8343   9608   4668   2550   7675   7188   4833   8782   6748   9524   6236   
9298   5413   10213   6675   795   5235   7591   3225   8215   0   2311   6071   1093   1375   5526   7650   3680   5985   8802   8989   5933   6522   2720   3884   3162   3131   5725   3118   3172   4891   
9430   8368   7814   7900   10362   0   3469   9687   4546   2311   0   5087   1093   6835   10511   10350   9937   11293   706   11413   2868   5898   6058   7150   6608   7404   8883   1192   8782   5911   
1223   6850   6685   3361   5593   7133   1093   3376   8507   6071   5087   0   5573   6071   5578   2550   7862   7591   9419   7591   2550   1278   6480   4073   7800   4843   6497   7194   8882   4184   
3225   2160   5418   9125   5554   5263   2814   5769   3819   1093   1093   5573   0   8567   7152   795   1621   4450   1750   2551   4091   3772   3811   2328   7043   7194   7742   2129   8342   5895   
7472   8368   2720   9944   9718   8380   8520   7895   9970   1375   6835   6071   8567   0   4643   10696   800   6594   8672   7041   8777   2912   6525   9118   10095   2863   3303   6813   7238   1975   
7150   1740   7005   7152   625   4175   9104   6209   10067   5526   10511   5578   7152   4643   0   7356   5414   9474   8958   3131   3729   738   10471   8989   9266   6242   5237   8684   9745   4843   
6812   7844   7005   2071   8355   6011   6212   3702   4578   7650   10350   2550   795   10696   7356   0   3350   9581   7816   5333   4628   10546   1435   5354   11069   9016   8532   5725   2610   0   
9480   11193   4244   11177   3225   3558   6706   6600   5927   3680   9937   7862   1621   800   5414   3350   0   7862   7334   1925   3004   1015   5418   7238   8940   7591   5644   3131   9159   5366   
5987   10697   7194   863   4040   4933   9385   7800   7591   5985   11293   7591   4450   6594   9474   9581   7862   0   5303   781   7591   3846   3345   5976   1221   6758   3952   5973   7842   9376   
3558   5469   6372   7540   2071   2201   7347   6212   9925   8802   706   9419   1750   8672   8958   7816   7334   5303   0   5333   4891   6071   5462   7791   1740   1297   7152   7194   1277   7194   
4495   10471   2814   9480   9175   7404   7871   9847   8343   8989   11413   7591   2551   7041   3131   5333   1925   781   5333   0   6263   9171   3225   5413   6226   9788   5725   3868   9902   6889   
3846   7820   10411   4462   5310   13025   1223   2308   9608   5933   2868   2550   4091   8777   3729   4628   3004   7591   4891   6263   0   6145   8884   10067   3129   2550   1607   11482   6230   4259   
9298   3225   7783   7177   3870   10733   8410   8114   4668   6522   5898   1278   3772   2912   738   10546   1015   3846   6071   9171   6145   0   1690   1297   3092   7722   5462   9970   8671   5438   
3407   7025   4817   5612   4648   4783   4475   8159   2550   2720   6058   6480   3811   6525   10471   1435   5418   3345   5462   3225   8884   1690   0   4040   1690   2160   10511   8684   1376   8030   
7985   5542   7472   3175   5537   6841   5100   7823   7675   3884   7150   4073   2328   9118   8989   5354   7238   5976   7791   5413   10067   1297   4040   0   2550   9322   8275   2303   1607   4891   
8789   4910   7114   7238   7379   5414   7591   9905   7188   3162   6608   7800   7043   10095   9266   11069   8940   1221   1740   6226   3129   3092   1690   2550   0   5212   800   7152   5100   7194   
7150   5898   9529   4234   3868   8099   9286   2550   4833   3131   7404   4843   7194   2863   6242   9016   7591   6758   1297   9788   2550   7722   2160   9322   5212   0   8065   7783   4725   6755   
795   9282   9070   10907   10799   5297   10371   8782   8782   5725   8883   6497   7742   3303   5237   8532   5644   3952   7152   5725   1607   5462   10511   8275   800   8065   0   8465   5993   7717   
5100   795   5303   10318   1015   3469   5177   3483   6748   3118   1192   7194   2129   6813   8684   5725   3131   5973   7194   3868   11482   9970   8684   2303   7152   7783   8465   0   5469   2625   
10315   1750   7194   10054   1690   5414   4333   637   9524   3172   8782   8882   8342   7238   9745   2610   9159   7842   1277   9902   6230   8671   1376   1607   5100   4725   5993   5469   0   8967   
2138   2550   6855   4837   2185   3158   9925   8047   6236   4891   5911   4184   5895   1975   4843   0   5366   9376   7194   6889   4259   5438   8030   4891   7194   6755   7717   2625   8967   0   
